A_s: 2.1e-09
k_max: 62.83185307179586
eta_R: 1.909859317102744
T_obs: 31536000
N_seg: 3153600
T_seg: 10.0
shift_angle: 0
